weights of layer :  hidden

[4.416932106018066, 1.5219011306762695, 1.895528793334961, -4.571030139923096, -4.171488285064697, -2.640366554260254, -2.377162456512451, -4.915498733520508]

[-1.2064272856310738, 4.20382345235802, -3.2906555463928857, 1.7513947998282995, 2.070100454769797, 2.5351232194282547, -3.6734559523546757, -3.0263049951011034]

[0.4428677558898926, 0.731842041015625, 3.60550594329834, -4.1336212158203125, 4.474357604980469, -0.432553768157959, -3.579050302505493, 4.766404151916504]

[4.776948928833008, 4.984463691711426, 3.812274932861328, 4.784604072570801, -4.423117637634277, 1.042250633239746, 3.4338207244873047, 0.6190366744995117]

[-1.8063457709884467, -1.6653789821806302, -0.393833340657789, -2.434107746756148, 1.0826592587942754, 3.23735954953525, -3.0244346705208662, 4.111784780658233]

[1.1381731033325195, 3.2878313064575195, 4.057394027709961, -0.8896856307983398, 3.5023813247680664, -4.353037357330322, 1.010434627532959, -4.062324047088623]

[2.4062752723693848, 0.3598318099975586, 4.0555830001831055, 4.307722091674805, 4.762753486633301, 1.9523744583129883, -1.8717098236083984, -0.49096059799194336]

[-0.23410320281982422, -3.9377355575561523, 1.0222244262695312, -3.4960460662841797, 3.868196487426758, 2.633329391479492, 3.5139360427856445, 4.634503364562988]

[4.924316185322656, -4.230253640840943, 4.842992229180552, 4.590491982659817, 2.998228240824676, -0.48684721971824835, -1.6317115570474157, 4.207415797058352]

[3.3543305126148257, -2.026855766052512, -0.016771624379983252, -1.624223132904765, -1.8887298292968073, -4.134746485305025, 4.16578234113798, 1.608910659856562]





weights of layer :  output

[3.312314033508301, -2.369349549308302, 4.060379981994629, 2.8426165456337134, 1.7449332371096768, -0.5107383728027344, 1.6428739900153742, 2.8864569539589087, 0.7200401556974597, 5.300738488758421]





